[quit.jpg]
moddate=90b419d51a54d001
width=275
height=303
text=2;131;8;continue;Blackout;0.356365,0.277230,0.133333,0.000000;v1,4281783365,4280726344,128.000000,1.000000,0.000000,1.000000,400,0,49152;;127;4;game;Blackout;0.389087,0.409243,0.133333,0.000000;v1,4281783365,4280726344,128.000000,1.000000,0.000000,1.000000,400,0,49152;;
textactive=1
filters=finetune2=1,0.000000,0.398596,0.000000,00000000,1.000000;IR=1,0.000000;
